K = [1503.1995222338473, 0.0, 872.4899101817289, 0.0, 1497.5706078947399, 19.527264276281276, 0.0, 0.0, 1.0]
R = [1.0, 0.0, 0.0, 0.0, 1.0, 0.0, 0.0, 0.0, 1.0]
P = [1440.3260728481016, 0.0, 900.979273000989, 0.0, 0.0, 1480.1145399797747, 18.22298440559317, 0.0, 0.0, 0.0, 1.0, 0.0]
None
# oST version 5.0 parameters


[image]

width
1280

height
720

[narrow_stereo]

camera matrix
1503.199522 0.000000 872.489910
0.000000 1497.570608 19.527264
0.000000 0.000000 1.000000

distortion
-0.194217 0.348454 -0.003842 0.037171 0.000000

rectification
1.000000 0.000000 0.000000
0.000000 1.000000 0.000000
0.000000 0.000000 1.000000

projection
1440.326073 0.000000 900.979273 0.000000
0.000000 1480.114540 18.222984 0.000000
0.000000 0.000000 1.000000 0.000000
^CQObject::killTimer: Timers cannot be stopped from another thread
QObject::~QObject: Timers cannot be stopped from another thread
